2 0.258937 0.283451 0.154162 0.221831
2 0.425374 0.229460 0.147289 0.217136
1 0.460776 0.320603 0.039815 0.031259
1 0.448338 0.294118 0.018483 0.013808
1 0.474619 0.402858 0.013285 0.024165
1 0.445161 0.423916 0.017906 0.031759
1 0.180677 0.658631 0.052873 0.049657
2 0.529638 0.400415 0.184300 0.154388
0 0.369886 0.762911 0.124629 0.227519
0 0.144421 0.670820 0.149555 0.243770
1 0.348849 0.870350 0.020772 0.013543
1 0.355836 0.836042 0.013596 0.008126
1 0.420610 0.693717 0.001095 0.000000
1 0.403638 0.797775 0.000000 0.001309